1 1 1.83799e+06
1 2 2.06434e+06
1 3 902453
1 4 911116
1 5 614101
1 6 1.33374e+06
1 7 1.04333e+06
1 8 450920
1 9 1.33756e+06
1 10 836093
1 11 1.55362e+06
1 12 1.10975e+06
1 13 1.04048e+06
1 14 1.66917e+06
2 1 2.22935e+06
2 2 3.27156e+06
2 3 1.02542e+06
2 4 714094
2 5 548604
2 6 1.34956e+06
2 7 979049
2 8 438011
2 9 1.28097e+06
2 10 953707
2 11 1.33964e+06
2 12 944045
2 13 780645
2 14 1.34322e+06
3 1 937672
3 2 1.02111e+06
3 3 1.71676e+06
3 4 1.20452e+06
3 5 999619
3 6 1.86629e+06
3 7 1.80787e+06
3 8 1.58628e+06
3 9 1.37361e+06
3 10 1.19883e+06
3 11 2.16636e+06
3 12 1.91713e+06
3 13 1.84182e+06
3 14 1.27202e+06
4 1 632797
4 2 556613
4 3 1.16037e+06
4 4 3.59414e+06
4 5 1.93978e+06
4 6 1.57438e+06
4 7 1.73213e+06
4 8 1.40743e+06
4 9 1.0034e+06
4 10 886166
4 11 1.69286e+06
4 12 2.40171e+06
4 13 2.15785e+06
4 14 1.0083e+06
5 1 614411
5 2 462836
5 3 1.09721e+06
5 4 3.23229e+06
5 5 2.50977e+06
5 6 2.02451e+06
5 7 2.88404e+06
5 8 2.50624e+06
5 9 1.44338e+06
5 10 901747
5 11 1.74738e+06
5 12 2.89985e+06
5 13 2.13394e+06
5 14 817074
6 1 1.35713e+06
6 2 1.33311e+06
6 3 1.783e+06
6 4 1.84778e+06
6 5 1.92236e+06
6 6 3.17676e+06
6 7 3.0304e+06
6 8 2.25423e+06
6 9 2.45344e+06
6 10 1.71451e+06
6 11 2.9477e+06
6 12 3.22489e+06
6 13 2.4229e+06
6 14 2.34001e+06
7 1 980114
7 2 910180
7 3 1.74387e+06
7 4 2.10817e+06
7 5 3.17842e+06
7 6 2.96213e+06
7 7 4.82196e+06
7 8 4.07882e+06
7 9 3.45238e+06
7 10 1.37978e+06
7 11 2.48322e+06
7 12 3.97042e+06
7 13 2.86341e+06
7 14 1.61164e+06
8 1 643519
8 2 666980
8 3 1.50639e+06
8 4 1.78558e+06
8 5 2.10451e+06
8 6 2.13489e+06
8 7 3.37271e+06
8 8 4.90438e+06
8 9 2.25942e+06
8 10 1.04593e+06
8 11 2.19994e+06
8 12 3.38125e+06
8 13 2.60791e+06
8 14 1.37825e+06
9 1 913971
9 2 811745
9 3 1.41984e+06
9 4 2.17861e+06
9 5 2.82009e+06
9 6 2.55941e+06
9 7 3.51944e+06
9 8 3.34671e+06
9 9 2.84833e+06
9 10 932726
9 11 2.30565e+06
9 12 3.701e+06
9 13 2.30328e+06
9 14 1.52764e+06
10 1 787020
10 2 659185
10 3 1.36175e+06
10 4 746648
10 5 1.23269e+06
10 6 2.06802e+06
10 7 1.43803e+06
10 8 1.2745e+06
10 9 1.36854e+06
10 10 1.28582e+06
10 11 1.67639e+06
10 12 1.58895e+06
10 13 1.41371e+06
10 14 1.46936e+06
11 1 1.53363e+06
11 2 1.39835e+06
11 3 2.13983e+06
11 4 2.02256e+06
11 5 1.97713e+06
11 6 3.07874e+06
11 7 2.69107e+06
11 8 1.92323e+06
11 9 2.24453e+06
11 10 1.76366e+06
11 11 3.85363e+06
11 12 3.51684e+06
11 13 3.03237e+06
11 14 2.20039e+06
12 1 1.29394e+06
12 2 1.08363e+06
12 3 1.92283e+06
12 4 2.52383e+06
12 5 3.64746e+06
12 6 3.39787e+06
12 7 4.47122e+06
12 8 3.38199e+06
12 9 3.6605e+06
12 10 1.6267e+06
12 11 3.2302e+06
12 12 5.29451e+06
12 13 3.37552e+06
12 14 1.95429e+06
13 1 1.1065e+06
13 2 834613
13 3 1.88292e+06
13 4 2.01076e+06
13 5 2.21078e+06
13 6 2.66633e+06
13 7 2.83496e+06
13 8 2.5521e+06
13 9 2.3139e+06
13 10 1.53253e+06
13 11 3.33928e+06
13 12 3.28679e+06
13 13 3.07464e+06
13 14 1.49101e+06
14 1 1.00725e+06
14 2 1.25491e+06
14 3 1.11828e+06
14 4 1.10873e+06
14 5 1.10321e+06
14 6 1.74886e+06
14 7 1.60113e+06
14 8 1.10103e+06
14 9 1.38694e+06
14 10 1.03252e+06
14 11 1.9212e+06
14 12 1.95222e+06
14 13 1.36747e+06
14 14 1.61265e+06
