1 1 1.65538e+06
1 2 1.98654e+06
1 3 631007
1 4 355669
1 5 367035
1 6 781681
1 7 791304
1 8 298450
1 9 844295
1 10 628379
1 11 896738
1 12 765014
1 13 602921
1 14 1.0656e+06
2 1 2.04906e+06
2 2 2.89187e+06
2 3 768236
2 4 484899
2 5 494474
2 6 1.04313e+06
2 7 896437
2 8 501398
2 9 450255
2 10 775926
2 11 894745
2 12 794924
2 13 516871
2 14 1.21848e+06
3 1 724845
3 2 790138
3 3 1.08928e+06
3 4 619715
3 5 551888
3 6 1.26323e+06
3 7 1.07048e+06
3 8 834984
3 9 788827
3 10 855013
3 11 1.40711e+06
3 12 1.30443e+06
3 13 1.17521e+06
3 14 825789
4 1 397699
4 2 509011
4 3 661147
4 4 2.31752e+06
4 5 1.19328e+06
4 6 1.05085e+06
4 7 1.57965e+06
4 8 802172
4 9 1.18417e+06
4 10 709751
4 11 1.04027e+06
4 12 1.7911e+06
4 13 1.29319e+06
4 14 698649
5 1 686097
5 2 534099
5 3 462810
5 4 1.24651e+06
5 5 1.24919e+06
5 6 958369
5 7 1.17173e+06
5 8 748396
5 9 1.41963e+06
5 10 532373
5 11 810830
5 12 1.66421e+06
5 13 772683
5 14 662006
6 1 870235
6 2 1.05178e+06
6 3 1.19944e+06
6 4 1.00231e+06
6 5 1.29611e+06
6 6 2.17759e+06
6 7 2.12143e+06
6 8 1.381e+06
6 9 1.67093e+06
6 10 1.38292e+06
6 11 1.86552e+06
6 12 2.34126e+06
6 13 1.68454e+06
6 14 1.32168e+06
7 1 579985
7 2 623699
7 3 1.08377e+06
7 4 1.43638e+06
7 5 2.53359e+06
7 6 2.04502e+06
7 7 3.52837e+06
7 8 2.435e+06
7 9 2.33765e+06
7 10 965846
7 11 1.69737e+06
7 12 3.37772e+06
7 13 1.86925e+06
7 14 1.26306e+06
8 1 377774
8 2 450262
8 3 768017
8 4 1.20057e+06
8 5 1.69001e+06
8 6 1.31435e+06
8 7 1.65297e+06
8 8 1.85977e+06
8 9 1.86298e+06
8 10 608817
8 11 1.19044e+06
8 12 2.17743e+06
8 13 1.48009e+06
8 14 867873
9 1 262311
9 2 427810
9 3 854802
9 4 1.12824e+06
9 5 2.08339e+06
9 6 1.70801e+06
9 7 2.19437e+06
9 8 1.65438e+06
9 9 1.29508e+06
9 10 735887
9 11 1.22477e+06
9 12 2.35431e+06
9 13 1.39201e+06
9 14 955331
10 1 690318
10 2 765115
10 3 974327
10 4 455418
10 5 515234
10 6 1.48506e+06
10 7 1.13449e+06
10 8 650465
10 9 1.04751e+06
10 10 1.15916e+06
10 11 1.24533e+06
10 12 1.14278e+06
10 13 952823
10 14 1.02438e+06
11 1 1.0101e+06
11 2 1.02379e+06
11 3 1.30653e+06
11 4 1.06554e+06
11 5 858611
11 6 1.9127e+06
11 7 1.59166e+06
11 8 1.26239e+06
11 9 1.5052e+06
11 10 1.28574e+06
11 11 2.21969e+06
11 12 2.11049e+06
11 13 1.82487e+06
11 14 1.20759e+06
12 1 795598
12 2 859230
12 3 1.29264e+06
12 4 1.81163e+06
12 5 2.66179e+06
12 6 2.3244e+06
12 7 3.0506e+06
12 8 2.23033e+06
12 9 2.44554e+06
12 10 1.20464e+06
12 11 2.12435e+06
12 12 3.75171e+06
12 13 2.31916e+06
12 14 1.33646e+06
13 1 676393
13 2 643033
13 3 1.12536e+06
13 4 1.2343e+06
13 5 1.36046e+06
13 6 1.72464e+06
13 7 1.63697e+06
13 8 1.31138e+06
13 9 1.614e+06
13 10 1.04554e+06
13 11 1.8729e+06
13 12 2.14106e+06
13 13 1.83315e+06
13 14 946886
14 1 682860
14 2 836320
14 3 718181
14 4 389894
14 5 529632
14 6 1.15482e+06
14 7 1.00316e+06
14 8 531422
14 9 756746
14 10 857255
14 11 1.17836e+06
14 12 1.31913e+06
14 13 853206
14 14 946605
