1 1 2.6758e+06
1 2 2.38906e+06
1 3 977528
1 4 762853
1 5 702380
1 6 1.24913e+06
1 7 1.18467e+06
1 8 982987
1 9 985236
1 10 1.06294e+06
1 11 1.55186e+06
1 12 1.34097e+06
1 13 1.1075e+06
1 14 1.11236e+06
2 1 2.56625e+06
2 2 3.36344e+06
2 3 1.12943e+06
2 4 669064
2 5 518505
2 6 1.37485e+06
2 7 1.05379e+06
2 8 529943
2 9 801925
2 10 1.22558e+06
2 11 1.42964e+06
2 12 1.14388e+06
2 13 828445
2 14 1.33616e+06
3 1 970657
3 2 1.07442e+06
3 3 1.65694e+06
3 4 1.00046e+06
3 5 1.00088e+06
3 6 1.83142e+06
3 7 1.76343e+06
3 8 1.15739e+06
3 9 1.21576e+06
3 10 1.52063e+06
3 11 2.25958e+06
3 12 1.88133e+06
3 13 1.77289e+06
3 14 1.20579e+06
4 1 620415
4 2 655345
4 3 986435
4 4 2.42569e+06
4 5 2.6993e+06
4 6 1.62388e+06
4 7 1.68111e+06
4 8 1.65713e+06
4 9 1.25455e+06
4 10 820145
4 11 2.15935e+06
4 12 2.39699e+06
4 13 2.06493e+06
4 14 853956
5 1 726352
5 2 626706
5 3 989087
5 4 2.45693e+06
5 5 3.66253e+06
5 6 2.24471e+06
5 7 3.10635e+06
5 8 1.71636e+06
5 9 2.17437e+06
5 10 719136
5 11 2.16468e+06
5 12 3.69135e+06
5 13 2.60292e+06
5 14 1.0626e+06
6 1 1.22529e+06
6 2 1.27085e+06
6 3 1.73372e+06
6 4 1.77787e+06
6 5 2.0369e+06
6 6 3.29492e+06
6 7 3.50207e+06
6 8 2.10425e+06
6 9 2.46423e+06
6 10 1.82696e+06
6 11 3.16645e+06
6 12 3.43236e+06
6 13 2.61485e+06
6 14 1.65673e+06
7 1 955157
7 2 870195
7 3 1.86651e+06
7 4 1.47604e+06
7 5 3.23581e+06
7 6 4.27606e+06
7 7 5.69095e+06
7 8 4.55668e+06
7 9 3.653e+06
7 10 1.82274e+06
7 11 2.78744e+06
7 12 5.24319e+06
7 13 3.17469e+06
7 14 1.57948e+06
8 1 723134
8 2 584877
8 3 1.32002e+06
8 4 930851
8 5 2.28985e+06
8 6 2.05104e+06
8 7 3.38154e+06
8 8 2.703e+06
8 9 2.07713e+06
8 10 1.07481e+06
8 11 2.20669e+06
8 12 2.94734e+06
8 13 2.37862e+06
8 14 1.24137e+06
9 1 672892
9 2 650401
9 3 1.24465e+06
9 4 1.2502e+06
9 5 2.77429e+06
9 6 2.60469e+06
9 7 3.84224e+06
9 8 2.6116e+06
9 9 2.70685e+06
9 10 1.37662e+06
9 11 2.17472e+06
9 12 3.41089e+06
9 13 2.32443e+06
9 14 1.15031e+06
10 1 842109
10 2 914084
10 3 1.56675e+06
10 4 787700
10 5 877946
10 6 2.00806e+06
10 7 1.68948e+06
10 8 1.45368e+06
10 9 1.17232e+06
10 10 1.6226e+06
10 11 2.16564e+06
10 12 1.602e+06
10 13 1.67935e+06
10 14 1.08931e+06
11 1 1.47821e+06
11 2 1.36907e+06
11 3 2.20614e+06
11 4 2.12037e+06
11 5 2.45646e+06
11 6 3.24176e+06
11 7 2.95549e+06
11 8 1.68879e+06
11 9 2.07242e+06
11 10 2.53367e+06
11 11 4.60889e+06
11 12 3.96943e+06
11 13 3.72767e+06
11 14 1.74502e+06
12 1 1.29871e+06
12 2 1.01837e+06
12 3 1.9221e+06
12 4 2.30674e+06
12 5 3.50827e+06
12 6 3.61547e+06
12 7 5.12133e+06
12 8 3.51982e+06
12 9 3.59465e+06
12 10 1.65406e+06
12 11 4.01163e+06
12 12 5.85464e+06
12 13 4.05623e+06
12 14 1.74599e+06
13 1 1.09833e+06
13 2 915602
13 3 1.77394e+06
13 4 2.02674e+06
13 5 2.69706e+06
13 6 2.74756e+06
13 7 2.95412e+06
13 8 2.19177e+06
13 9 2.02175e+06
13 10 2.0198e+06
13 11 3.80175e+06
13 12 3.88546e+06
13 13 3.49617e+06
13 14 1.29683e+06
14 1 1.14566e+06
14 2 1.2308e+06
14 3 1.04256e+06
14 4 843705
14 5 999580
14 6 1.29506e+06
14 7 1.60137e+06
14 8 779721
14 9 1.08953e+06
14 10 877634
14 11 1.6119e+06
14 12 1.7512e+06
14 13 1.2883e+06
14 14 1.05122e+06
