1 1 1.46674e+07
1 2 5.30863e+07
1 3 1.88036e+07
1 4 2.13945e+07
1 5 2.09815e+07
1 6 3.82653e+07
1 7 2.14808e+07
1 8 1.14093e+07
1 9 1.18271e+07
1 10 1.80996e+07
1 11 1.54217e+07
1 12 1.54231e+07
1 13 1.02364e+07
1 14 1.65035e+07
2 1 4.80713e+07
2 2 1.95478e+08
2 3 5.35408e+07
2 4 6.77475e+07
2 5 7.05652e+07
2 6 1.31519e+08
2 7 7.62207e+07
2 8 3.96807e+07
2 9 4.1946e+07
2 10 5.52276e+07
2 11 4.62795e+07
2 12 4.84169e+07
2 13 3.12076e+07
2 14 5.26908e+07
3 1 1.83128e+07
3 2 5.29123e+07
3 3 6.45552e+07
3 4 3.25579e+07
3 5 3.10461e+07
3 6 7.84197e+07
3 7 4.96097e+07
3 8 3.16793e+07
3 9 2.76877e+07
3 10 5.46845e+07
3 11 2.52481e+07
3 12 2.2464e+07
3 13 1.64384e+07
3 14 3.37338e+07
4 1 2.22037e+07
4 2 6.99474e+07
4 3 3.24819e+07
4 4 5.58887e+07
4 5 5.93143e+07
4 6 9.21894e+07
4 7 6.90057e+07
4 8 3.90028e+07
4 9 3.63885e+07
4 10 3.4923e+07
4 11 3.1862e+07
4 12 3.77393e+07
4 13 2.35048e+07
4 14 3.03071e+07
5 1 2.34382e+07
5 2 7.39403e+07
5 3 3.20625e+07
5 4 6.02992e+07
5 5 7.15088e+07
5 6 1.06499e+08
5 7 9.42522e+07
5 8 5.29103e+07
5 9 4.88684e+07
5 10 3.47127e+07
5 11 3.27942e+07
5 12 4.44684e+07
5 13 2.53693e+07
5 14 3.22788e+07
6 1 3.90594e+07
6 2 1.33944e+08
6 3 7.97197e+07
6 4 9.25081e+07
6 5 1.04993e+08
6 6 1.89579e+08
6 7 1.32673e+08
6 8 7.63633e+07
6 9 6.99289e+07
6 10 8.53927e+07
6 11 5.80165e+07
6 12 6.55836e+07
6 13 4.12603e+07
6 14 6.34216e+07
7 1 2.29782e+07
7 2 7.80927e+07
7 3 5.04842e+07
7 4 6.55194e+07
7 5 8.17029e+07
7 6 1.313e+08
7 7 1.05632e+08
7 8 6.34689e+07
7 9 5.50821e+07
7 10 5.37914e+07
7 11 3.77276e+07
7 12 4.92855e+07
7 13 2.85865e+07
7 14 4.11755e+07
8 1 1.20501e+07
8 2 3.92273e+07
8 3 3.13319e+07
8 4 3.60227e+07
8 5 4.4486e+07
8 6 7.45204e+07
8 7 6.35563e+07
8 8 4.1281e+07
8 9 3.33886e+07
8 10 3.2294e+07
8 11 2.12354e+07
8 12 2.83748e+07
8 13 1.64061e+07
8 14 2.37137e+07
9 1 1.27542e+07
9 2 4.29493e+07
9 3 2.8525e+07
9 4 3.46374e+07
9 5 4.23268e+07
9 6 7.03921e+07
9 7 5.74618e+07
9 8 3.46904e+07
9 9 3.09838e+07
9 10 3.11115e+07
9 11 2.01231e+07
9 12 2.61897e+07
9 13 1.53129e+07
9 14 2.28735e+07
10 1 1.75519e+07
10 2 5.49617e+07
10 3 5.49612e+07
10 4 3.56944e+07
10 5 3.55702e+07
10 6 8.44276e+07
10 7 5.38382e+07
10 8 3.36996e+07
10 9 3.12707e+07
10 10 5.80692e+07
10 11 2.5593e+07
10 12 2.35064e+07
10 13 1.71272e+07
10 14 3.35412e+07
11 1 1.51231e+07
11 2 4.54965e+07
11 3 2.57548e+07
11 4 3.23557e+07
11 5 3.36569e+07
11 6 5.8265e+07
11 7 3.80241e+07
11 8 2.17971e+07
11 9 2.02592e+07
11 10 2.6127e+07
11 11 2.40638e+07
11 12 2.40996e+07
11 13 1.64448e+07
11 14 2.11153e+07
12 1 1.61164e+07
12 2 4.93571e+07
12 3 2.35595e+07
12 4 3.81567e+07
12 5 4.33924e+07
12 6 6.78107e+07
12 7 5.20411e+07
12 8 2.98332e+07
12 9 2.70382e+07
12 10 2.43872e+07
12 11 2.40331e+07
12 12 2.97387e+07
12 13 1.74703e+07
12 14 2.22424e+07
13 1 1.03308e+07
13 2 3.05818e+07
13 3 1.68025e+07
13 4 2.39126e+07
13 5 2.49482e+07
13 6 4.23109e+07
13 7 2.98924e+07
13 8 1.73812e+07
13 9 1.57458e+07
13 10 1.7587e+07
13 11 1.63392e+07
13 12 1.76195e+07
13 13 1.14974e+07
13 14 1.4641e+07
14 1 1.6373e+07
14 2 5.32674e+07
14 3 3.36466e+07
14 4 2.98835e+07
14 5 3.12492e+07
14 6 6.31479e+07
14 7 4.08831e+07
14 8 2.37675e+07
14 9 2.22459e+07
14 10 3.35513e+07
14 11 2.08193e+07
14 12 2.14476e+07
14 13 1.42852e+07
14 14 2.43889e+07
