1 1 3.07747e+07
1 2 8.37534e+07
1 3 2.49367e+07
1 4 3.33603e+07
1 5 3.57649e+07
1 6 5.55046e+07
1 7 3.5131e+07
1 8 1.93871e+07
1 9 1.98705e+07
1 10 2.48831e+07
1 11 2.73438e+07
1 12 2.69936e+07
1 13 1.7791e+07
1 14 2.62655e+07
2 1 7.94011e+07
2 2 2.5571e+08
2 3 5.46415e+07
2 4 7.57809e+07
2 5 8.6093e+07
2 6 1.41868e+08
2 7 8.8791e+07
2 8 4.78369e+07
2 9 5.11448e+07
2 10 5.79079e+07
2 11 5.9473e+07
2 12 5.9745e+07
2 13 3.86487e+07
2 14 6.45653e+07
3 1 2.42589e+07
3 2 5.40452e+07
3 3 6.11994e+07
3 4 3.64253e+07
3 5 3.83724e+07
3 6 8.22092e+07
3 7 6.0544e+07
3 8 4.0787e+07
3 9 3.40338e+07
3 10 5.30966e+07
3 11 3.17432e+07
3 12 2.86812e+07
3 13 2.04334e+07
3 14 3.70463e+07
4 1 3.30872e+07
4 2 7.61634e+07
4 3 3.60139e+07
4 4 9.69147e+07
4 5 1.20357e+08
4 6 1.24279e+08
4 7 1.1339e+08
4 8 6.82075e+07
4 9 6.39434e+07
4 10 4.04607e+07
4 11 5.32341e+07
4 12 6.85338e+07
4 13 4.16386e+07
4 14 4.03374e+07
5 1 3.51594e+07
5 2 8.26998e+07
5 3 3.99302e+07
5 4 1.16719e+08
5 5 1.9494e+08
5 6 1.64326e+08
5 7 1.93384e+08
5 8 1.16646e+08
5 9 1.11815e+08
5 10 4.50964e+07
5 11 5.90917e+07
5 12 9.75043e+07
5 13 4.96351e+07
5 14 4.82623e+07
6 1 5.57686e+07
6 2 1.44563e+08
6 3 8.26746e+07
6 4 1.24959e+08
6 5 1.60311e+08
6 6 2.3356e+08
6 7 1.93873e+08
6 8 1.16959e+08
6 9 1.03716e+08
6 10 9.59366e+07
6 11 8.33252e+07
6 12 1.00884e+08
6 13 6.03892e+07
6 14 7.80249e+07
7 1 3.62696e+07
7 2 9.01882e+07
7 3 6.02241e+07
7 4 1.0633e+08
7 5 1.65515e+08
7 6 1.93195e+08
7 7 2.00253e+08
7 8 1.31771e+08
7 9 1.07307e+08
7 10 6.98118e+07
7 11 6.29241e+07
7 12 9.62931e+07
7 13 5.149e+07
7 14 5.82235e+07
8 1 2.01502e+07
8 2 4.67795e+07
8 3 3.99599e+07
8 4 6.20796e+07
8 5 9.37836e+07
8 6 1.14856e+08
8 7 1.30256e+08
8 8 9.54785e+07
8 9 7.0826e+07
8 10 4.38503e+07
8 11 3.71825e+07
8 12 5.90393e+07
8 13 3.13291e+07
8 14 3.54815e+07
9 1 2.01375e+07
9 2 5.14859e+07
9 3 3.47082e+07
9 4 5.73888e+07
9 5 8.83614e+07
9 6 1.06653e+08
9 7 1.13532e+08
9 8 7.55893e+07
9 9 6.36575e+07
9 10 4.15164e+07
9 11 3.43424e+07
9 12 5.3065e+07
9 13 2.83353e+07
9 14 3.31384e+07
10 1 2.4039e+07
10 2 5.7576e+07
10 3 5.28777e+07
10 4 4.20533e+07
10 5 4.74692e+07
10 6 9.44569e+07
10 7 6.95936e+07
10 8 4.55462e+07
10 9 4.11479e+07
10 10 6.1133e+07
10 11 3.36761e+07
10 12 3.1511e+07
10 13 2.2487e+07
10 14 3.83489e+07
11 1 2.66271e+07
11 2 5.78043e+07
11 3 3.18181e+07
11 4 5.34081e+07
11 5 5.95292e+07
11 6 8.28465e+07
11 7 6.24964e+07
11 8 3.76461e+07
11 9 3.41601e+07
11 10 3.39952e+07
11 11 4.40287e+07
11 12 4.35991e+07
11 13 2.98603e+07
11 14 3.10715e+07
12 1 2.73171e+07
12 2 5.98317e+07
12 3 2.95816e+07
12 4 6.75804e+07
12 5 9.32172e+07
12 6 1.04048e+08
12 7 1.01361e+08
12 8 6.15133e+07
12 9 5.52806e+07
12 10 3.2738e+07
12 11 4.38712e+07
12 12 6.10343e+07
12 13 3.33775e+07
12 14 3.35618e+07
13 1 1.76545e+07
13 2 3.74739e+07
13 3 2.07548e+07
13 4 4.18875e+07
13 5 4.87395e+07
13 6 6.18997e+07
13 7 5.35277e+07
13 8 3.32951e+07
13 9 2.94494e+07
13 10 2.30996e+07
13 11 3.00132e+07
13 12 3.38069e+07
13 13 2.16766e+07
13 14 2.17141e+07
14 1 2.61043e+07
14 2 6.57449e+07
14 3 3.69812e+07
14 4 3.99957e+07
14 5 4.58385e+07
14 6 7.80902e+07
14 7 5.79487e+07
14 8 3.55508e+07
14 9 3.22336e+07
14 10 3.84911e+07
14 11 3.12398e+07
14 12 3.24772e+07
14 13 2.13694e+07
14 14 3.25137e+07
