1 1 5.43599e+07
1 2 6.39357e+07
1 3 1.08798e+07
1 4 2.06156e+07
1 5 2.33703e+07
1 6 3.24975e+07
1 7 2.76373e+07
1 8 1.55183e+07
1 9 1.76497e+07
1 10 1.51485e+07
1 11 2.45026e+07
1 12 2.46028e+07
1 13 1.54026e+07
1 14 2.49156e+07
2 1 6.00815e+07
2 2 1.11775e+08
2 3 1.51035e+07
2 4 2.35431e+07
2 5 2.62111e+07
2 6 4.11965e+07
2 7 2.85852e+07
2 8 1.46047e+07
2 9 1.76375e+07
2 10 1.89908e+07
2 11 2.49707e+07
2 12 2.22414e+07
2 13 1.43469e+07
2 14 3.45858e+07
3 1 1.09459e+07
3 2 1.5007e+07
3 3 1.26249e+07
3 4 1.81184e+07
3 5 2.07476e+07
3 6 2.95165e+07
3 7 3.19687e+07
3 8 2.19383e+07
3 9 1.87197e+07
3 10 1.52231e+07
3 11 1.8313e+07
3 12 1.90488e+07
3 13 1.36287e+07
3 14 1.72119e+07
4 1 2.19804e+07
4 2 2.25839e+07
4 3 1.83199e+07
4 4 1.28855e+08
4 5 1.79775e+08
4 6 8.25378e+07
4 7 1.06076e+08
4 8 6.78578e+07
4 9 6.9965e+07
4 10 2.36167e+07
4 11 5.54377e+07
4 12 8.11309e+07
4 13 5.11282e+07
4 14 3.12244e+07
5 1 4.64732e+07
5 2 2.76905e+07
5 3 2.2743e+07
5 4 1.7674e+08
5 5 5.32304e+08
5 6 1.41347e+08
5 7 2.82321e+08
5 8 1.72681e+08
5 9 2.2075e+08
5 10 3.49525e+07
5 11 7.00251e+07
5 12 1.79967e+08
5 13 7.81291e+07
5 14 4.45866e+07
6 1 3.24072e+07
6 2 4.15071e+07
6 3 2.91781e+07
6 4 8.33983e+07
6 5 1.36834e+08
6 6 1.33257e+08
6 7 1.69344e+08
6 8 1.01798e+08
6 9 1.00656e+08
6 10 4.94202e+07
6 11 6.70505e+07
6 12 9.9768e+07
6 13 5.72622e+07
6 14 4.87679e+07
7 1 2.86036e+07
7 2 2.88743e+07
7 3 3.1255e+07
7 4 1.01754e+08
7 5 2.55482e+08
7 6 1.69142e+08
7 7 3.37944e+08
7 8 2.3847e+08
7 9 2.10843e+08
7 10 5.408e+07
7 11 7.31236e+07
7 12 1.8023e+08
7 13 8.09818e+07
7 14 5.13216e+07
8 1 1.70703e+07
8 2 1.55182e+07
8 3 2.17219e+07
8 4 6.66718e+07
8 5 1.52949e+08
8 6 1.02769e+08
8 7 2.31059e+08
8 8 1.92339e+08
8 9 1.50417e+08
8 10 3.49296e+07
8 11 4.51717e+07
8 12 1.14019e+08
8 13 5.3394e+07
8 14 3.34234e+07
9 1 1.92295e+07
9 2 1.83119e+07
9 3 1.89831e+07
9 4 6.47167e+07
9 5 1.87172e+08
9 6 1.03908e+08
9 7 2.16498e+08
9 8 1.56825e+08
9 9 1.53205e+08
9 10 3.61704e+07
9 11 4.31054e+07
9 12 1.15375e+08
9 13 5.06364e+07
9 14 3.19004e+07
10 1 1.50824e+07
10 2 1.89326e+07
10 3 1.48159e+07
10 4 2.41049e+07
10 5 3.16641e+07
10 6 4.81374e+07
10 7 5.33576e+07
10 8 3.46925e+07
10 9 3.52763e+07
10 10 2.8539e+07
10 11 2.65473e+07
10 12 2.89804e+07
10 13 2.05635e+07
10 14 2.26504e+07
11 1 2.44393e+07
11 2 2.51594e+07
11 3 1.7738e+07
11 4 5.55829e+07
11 5 7.11632e+07
11 6 6.28757e+07
11 7 6.73661e+07
11 8 4.11443e+07
11 9 4.03607e+07
11 10 2.53162e+07
11 11 5.83075e+07
11 12 5.92329e+07
11 13 4.36698e+07
11 14 3.11092e+07
12 1 2.48616e+07
12 2 2.25382e+07
12 3 1.9436e+07
12 4 8.23511e+07
12 5 1.86168e+08
12 6 1.04073e+08
12 7 1.80123e+08
12 8 1.21658e+08
12 9 1.19033e+08
12 10 3.15545e+07
12 11 6.32294e+07
12 12 1.17134e+08
12 13 6.00924e+07
12 14 3.7733e+07
13 1 1.54674e+07
13 2 1.46463e+07
13 3 1.39051e+07
13 4 5.23012e+07
13 5 8.05834e+07
13 6 5.7316e+07
13 7 8.2977e+07
13 8 6.00332e+07
13 9 5.45178e+07
13 10 2.19633e+07
13 11 4.48651e+07
13 12 5.87076e+07
13 13 3.82139e+07
13 14 2.4871e+07
14 1 2.45436e+07
14 2 3.49071e+07
14 3 1.69531e+07
14 4 3.02091e+07
14 5 4.0363e+07
14 6 4.89045e+07
14 7 5.13496e+07
14 8 3.17402e+07
14 9 3.02615e+07
14 10 2.3122e+07
14 11 3.17594e+07
14 12 3.5569e+07
14 13 2.35241e+07
14 14 3.28265e+07
