1 1 6.15251e+07
1 2 1.15984e+08
1 3 2.40429e+07
1 4 4.32777e+07
1 5 5.02435e+07
1 6 6.80147e+07
1 7 4.77859e+07
1 8 2.51461e+07
1 9 2.80925e+07
1 10 2.98567e+07
1 11 4.14764e+07
1 12 4.15278e+07
1 13 2.63135e+07
1 14 3.84786e+07
2 1 1.10767e+08
2 2 2.81363e+08
2 3 4.2704e+07
2 4 6.85077e+07
2 5 8.15647e+07
2 6 1.26501e+08
2 7 8.24625e+07
2 8 4.2865e+07
2 9 4.91649e+07
2 10 5.36959e+07
2 11 6.17978e+07
2 12 5.94068e+07
2 13 3.83478e+07
2 14 7.26416e+07
3 1 2.43972e+07
3 2 4.26499e+07
3 3 3.72171e+07
3 4 3.43663e+07
3 5 3.87286e+07
3 6 6.92958e+07
3 7 6.11116e+07
3 8 4.2011e+07
3 9 3.43126e+07
3 10 4.05049e+07
3 11 3.31013e+07
3 12 3.14162e+07
3 13 2.20867e+07
3 14 3.46084e+07
4 1 4.20011e+07
4 2 6.81994e+07
4 3 3.41884e+07
4 4 1.60452e+08
4 5 2.24369e+08
4 6 1.5194e+08
4 7 1.6353e+08
4 8 1.03441e+08
4 9 9.87146e+07
4 10 4.52229e+07
4 11 8.2251e+07
4 12 1.12632e+08
4 13 6.99213e+07
4 14 5.26691e+07
5 1 5.44648e+07
5 2 7.46836e+07
5 3 4.08946e+07
5 4 2.17804e+08
5 5 5.18026e+08
5 6 2.2892e+08
5 7 3.45418e+08
5 8 2.20334e+08
5 9 2.33321e+08
5 10 5.74472e+07
5 11 9.65354e+07
5 12 1.94802e+08
5 13 9.21381e+07
5 14 6.77682e+07
6 1 6.73428e+07
6 2 1.27371e+08
6 3 6.90493e+07
6 4 1.53751e+08
6 5 2.22025e+08
6 6 2.64257e+08
6 7 2.68621e+08
6 8 1.65486e+08
6 9 1.47991e+08
6 10 1.02326e+08
6 11 1.10372e+08
6 12 1.46069e+08
6 13 8.42596e+07
6 14 9.22477e+07
7 1 4.96165e+07
7 2 8.31153e+07
7 3 6.01892e+07
7 4 1.59999e+08
7 5 3.1868e+08
7 6 2.67758e+08
7 7 3.78745e+08
7 8 2.61631e+08
7 9 2.13488e+08
7 10 8.90099e+07
7 11 9.83471e+07
7 12 1.88627e+08
7 13 9.17913e+07
7 14 8.13635e+07
8 1 2.82751e+07
8 2 4.34359e+07
8 3 4.13244e+07
8 4 9.7581e+07
8 5 1.78782e+08
8 6 1.63258e+08
8 7 2.58716e+08
8 8 2.04462e+08
8 9 1.48226e+08
8 10 5.6894e+07
8 11 5.93395e+07
8 12 1.17142e+08
8 13 5.74903e+07
8 14 5.15295e+07
9 1 2.82318e+07
9 2 4.9199e+07
9 3 3.50056e+07
9 4 9.17797e+07
9 5 1.92317e+08
9 6 1.5388e+08
9 7 2.23921e+08
9 8 1.56329e+08
9 9 1.37288e+08
9 10 5.46968e+07
9 11 5.52237e+07
9 12 1.09028e+08
9 13 5.25711e+07
9 14 4.73723e+07
10 1 2.9944e+07
10 2 5.31932e+07
10 3 4.00375e+07
10 4 4.69497e+07
10 5 5.64719e+07
10 6 1.00473e+08
10 7 8.87125e+07
10 8 5.95461e+07
10 9 5.37907e+07
10 10 6.1753e+07
10 11 4.33473e+07
10 12 4.28103e+07
10 13 2.99036e+07
10 14 4.36102e+07
11 1 3.92096e+07
11 2 6.05408e+07
11 3 3.25297e+07
11 4 8.18083e+07
11 5 9.5228e+07
11 6 1.07654e+08
11 7 9.51496e+07
11 8 5.75813e+07
11 9 5.31682e+07
11 10 4.27612e+07
11 11 7.55868e+07
11 12 7.38893e+07
11 13 5.22475e+07
11 14 4.55119e+07
12 1 3.90221e+07
12 2 5.73631e+07
12 3 3.18971e+07
12 4 1.10793e+08
12 5 1.92736e+08
12 6 1.5025e+08
12 7 1.92905e+08
12 8 1.21277e+08
12 9 1.12095e+08
12 10 4.4139e+07
12 11 7.65688e+07
12 12 1.21066e+08
12 13 6.33924e+07
12 14 5.18157e+07
13 1 2.58935e+07
13 2 3.73696e+07
13 3 2.2335e+07
13 4 7.02077e+07
13 5 8.95327e+07
13 6 8.55213e+07
13 7 9.34069e+07
13 8 6.12675e+07
13 9 5.44343e+07
13 10 3.08566e+07
13 11 5.30563e+07
13 12 6.27723e+07
13 13 4.02658e+07
13 14 3.31958e+07
14 1 3.88748e+07
14 2 7.40553e+07
14 3 3.45315e+07
14 4 5.12657e+07
14 5 6.52636e+07
14 6 9.30727e+07
14 7 8.17717e+07
14 8 5.12924e+07
14 9 4.66254e+07
14 10 4.41438e+07
14 11 4.59768e+07
14 12 4.97551e+07
14 13 3.2162e+07
14 14 4.58035e+07
