1 1 4.96797e+06
1 2 2.29895e+07
1 3 1.02204e+07
1 4 9.23696e+06
1 5 9.01526e+06
1 6 2.05411e+07
1 7 9.95144e+06
1 8 5.16015e+06
1 9 5.38206e+06
1 10 1.10826e+07
1 11 6.33508e+06
1 12 6.46601e+06
1 13 4.5228e+06
1 14 8.45945e+06
2 1 2.23659e+07
2 2 1.1526e+08
2 3 4.03147e+07
2 4 4.31203e+07
2 5 4.35792e+07
2 6 9.6346e+07
2 7 4.74787e+07
2 8 2.39244e+07
2 9 2.54699e+07
2 10 4.5897e+07
2 11 2.70876e+07
2 12 2.87583e+07
2 13 1.95836e+07
2 14 3.72291e+07
3 1 1.00337e+07
3 2 3.99405e+07
3 3 4.75211e+07
3 4 2.11739e+07
3 5 1.90956e+07
3 6 5.96188e+07
3 7 3.01059e+07
3 8 1.78551e+07
3 9 1.68856e+07
3 10 4.61013e+07
3 11 1.54785e+07
3 12 1.35103e+07
3 13 1.07795e+07
3 14 2.56894e+07
4 1 9.53749e+06
4 2 4.42459e+07
4 3 2.16432e+07
4 4 2.35224e+07
4 5 2.43992e+07
4 6 5.29427e+07
4 7 2.90053e+07
4 8 1.52781e+07
4 9 1.51813e+07
4 10 2.5255e+07
4 11 1.43158e+07
4 12 1.57353e+07
4 13 1.07097e+07
4 14 1.86932e+07
5 1 1.00369e+07
5 2 4.752e+07
5 3 1.98599e+07
5 4 2.44954e+07
5 5 2.65834e+07
5 6 5.56759e+07
5 7 3.21511e+07
5 8 1.65708e+07
5 9 1.66195e+07
5 10 2.30181e+07
5 11 1.4319e+07
5 12 1.68478e+07
5 13 1.09544e+07
5 14 1.87615e+07
6 1 2.11703e+07
6 2 9.93391e+07
6 3 6.11192e+07
6 4 5.18151e+07
6 5 5.39366e+07
6 6 1.3076e+08
6 7 7.00856e+07
6 8 3.82997e+07
6 9 3.69343e+07
6 10 7.01928e+07
6 11 3.29234e+07
6 12 3.48594e+07
6 13 2.42558e+07
6 14 4.67817e+07
7 1 1.06341e+07
7 2 4.98772e+07
7 3 3.0765e+07
7 4 2.78089e+07
7 5 2.92915e+07
7 6 7.01731e+07
7 7 3.99883e+07
7 8 2.20597e+07
7 9 2.0796e+07
7 10 3.56474e+07
7 11 1.71726e+07
7 12 1.92293e+07
7 13 1.29225e+07
7 14 2.41806e+07
8 1 5.38203e+06
8 2 2.42332e+07
8 3 1.78723e+07
8 4 1.45958e+07
8 5 1.48297e+07
8 6 3.77622e+07
8 7 2.23433e+07
8 8 1.30469e+07
8 9 1.1663e+07
8 10 2.02808e+07
8 11 9.20444e+06
8 12 1.0378e+07
8 13 7.03215e+06
8 14 1.31859e+07
9 1 5.90772e+06
9 2 2.76199e+07
9 3 1.74555e+07
9 4 1.46571e+07
9 5 1.51151e+07
9 6 3.75101e+07
9 7 2.11939e+07
9 8 1.17945e+07
9 9 1.12906e+07
9 10 2.03988e+07
9 11 9.15949e+06
9 12 9.99263e+06
9 13 6.83385e+06
9 14 1.33866e+07
10 1 1.08839e+07
10 2 4.61843e+07
10 3 4.66366e+07
10 4 2.46254e+07
10 5 2.29044e+07
10 6 6.91825e+07
10 7 3.53172e+07
10 8 2.06621e+07
10 9 2.01341e+07
10 10 5.25628e+07
10 11 1.71243e+07
10 12 1.53652e+07
10 13 1.21321e+07
10 14 2.83836e+07
11 1 6.21704e+06
11 2 2.63523e+07
11 3 1.58404e+07
11 4 1.41014e+07
11 5 1.40785e+07
11 6 3.25705e+07
11 7 1.6852e+07
11 8 9.16682e+06
11 9 8.91237e+06
11 10 1.73525e+07
11 11 9.99018e+06
11 12 1.00732e+07
11 13 7.26834e+06
11 14 1.22523e+07
12 1 6.74814e+06
12 2 2.9969e+07
12 3 1.41192e+07
12 4 1.58032e+07
12 5 1.65125e+07
12 6 3.56868e+07
12 7 1.95053e+07
12 8 1.04603e+07
12 9 1.01325e+07
12 10 1.58611e+07
12 11 1.0254e+07
12 12 1.15727e+07
12 13 7.60545e+06
12 14 1.26805e+07
13 1 4.55683e+06
13 2 1.92467e+07
13 3 1.10036e+07
13 4 1.06304e+07
13 5 1.07677e+07
13 6 2.44281e+07
13 7 1.30097e+07
13 8 7.06573e+06
13 9 6.81789e+06
13 10 1.23007e+07
13 11 7.25614e+06
13 12 7.5839e+06
13 13 5.3285e+06
13 14 8.93703e+06
14 1 8.45069e+06
14 2 3.7181e+07
14 3 2.57237e+07
14 4 1.82818e+07
14 5 1.78338e+07
14 6 4.59783e+07
14 7 2.36167e+07
14 8 1.29945e+07
14 9 1.28299e+07
14 10 2.80117e+07
14 11 1.2195e+07
14 12 1.21498e+07
14 13 8.81667e+06
14 14 1.80282e+07
